1; 1.000000e+00; 2.000000e+00; 1.500000e+00; 5.707963e-01
2; 1.500000e+00; 2.000000e+00; 1.750000e+00; 7.079633e-02
3; 1.500000e+00; 1.750000e+00; 1.625000e+00; 1.792037e-01
4; 1.500000e+00; 1.625000e+00; 1.562500e+00; 5.420367e-02
5; 1.562500e+00; 1.625000e+00; 1.593750e+00; 8.296327e-03
6; 1.562500e+00; 1.593750e+00; 1.578125e+00; 2.295367e-02
7; 1.562500e+00; 1.578125e+00; 1.570312e+00; 7.328673e-03
8; 1.570312e+00; 1.578125e+00; 1.574219e+00; 4.838268e-04
9; 1.570312e+00; 1.574219e+00; 1.572266e+00; 3.422423e-03
10; 1.570312e+00; 1.572266e+00; 1.571289e+00; 1.469298e-03
11; 1.570312e+00; 1.571289e+00; 1.570801e+00; 4.927357e-04
12; 1.570312e+00; 1.570801e+00; 1.570557e+00; 4.454455e-06
13; 1.570557e+00; 1.570801e+00; 1.570679e+00; 2.396862e-04
14; 1.570679e+00; 1.570801e+00; 1.570740e+00; 1.176159e-04
15; 1.570740e+00; 1.570801e+00; 1.570770e+00; 5.658070e-05
